0	99999	0	1	0	0
1	99999	0	1	0	0
2	99999	0	1	0	0
3	99999	0	1	0	0
4	99999	0	1	0	0
5	99999	0	1	0	0
6	99999	0	1	0	0
7	99999	0	1	0	0
8	99999	0	1	0	0
9	99999	0	1	0	0
10	99999	0	1	0	0
11	99998	0	2	0	0
12	99998	0	2	0	0
13	99997	0	3	0	0
14	99997	0	3	0	0
15	99997	0	3	0	0
16	99997	0	3	0	0
17	99997	0	3	0	0
18	99997	0	3	0	0
19	99997	0	3	0	0
20	99997	0	3	0	0
21	99997	0	3	0	0
22	99997	0	3	0	0
23	99997	0	3	0	0
24	99997	0	3	0	0
25	99996	0	4	0	0
26	99996	0	4	0	0
27	99996	0	4	0	0
28	99996	0	4	0	0
29	99996	0	4	0	0
30	99996	0	4	0	0
31	99996	0	4	0	0
32	99996	0	4	0	0
33	99995	0	5	0	0
34	99993	0	7	0	0
35	99993	0	7	0	0
36	99993	0	7	0	0
37	99993	0	7	0	0
38	99993	0	7	0	0
39	99992	0	8	0	0
40	99991	0	9	0	0
41	99991	0	9	0	0
42	99991	0	9	0	0
43	99991	0	9	0	0
44	99990	0	10	0	0
45	99990	0	10	0	0
46	99989	0	11	0	0
47	99989	0	11	0	0
48	99989	0	11	0	0
49	99989	0	11	0	0
50	99989	0	11	0	0
51	99987	0	13	0	0
52	99985	0	15	0	0
53	99984	0	16	0	0
54	99983	0	17	0	0
55	99983	0	17	0	0
56	99983	0	17	0	0
57	99983	0	17	0	0
58	99983	0	17	0	0
59	99983	0	17	0	0
60	99982	0	18	0	0
61	99981	0	19	0	0
62	99980	0	20	0	0
63	99979	0	21	0	0
64	99978	0	22	0	0
65	99977	0	23	0	0
66	99976	0	24	0	0
67	99976	0	24	0	0
68	99976	0	24	0	0
69	99973	0	27	0	0
70	99971	0	29	0	0
71	99971	0	29	0	0
72	99970	0	30	0	0
73	99970	0	30	0	0
74	99970	0	30	0	0
75	99968	0	32	0	0
76	99968	0	32	0	0
77	99967	0	33	0	0
78	99966	0	34	0	0
79	99964	0	36	0	0
80	99960	0	40	0	0
81	99958	0	42	0	0
82	99953	0	47	0	0
83	99947	0	53	0	0
84	99944	0	56	0	0
85	99936	0	64	0	0
86	99935	0	65	0	0
87	99933	0	67	0	0
88	99931	0	69	0	0
89	99925	0	75	0	0
90	99920	0	80	0	0
91	99916	0	84	0	0
92	99908	0	92	0	0
93	99903	0	97	0	0
94	99899	0	101	0	0
95	99897	0	103	0	0
96	99885	0	115	0	0
97	99876	0	124	0	0
98	99869	0	131	0	0
99	99860	0	140	0	0
100	99848	0	152	0	0
101	99837	0	163	0	0
102	99824	0	176	0	0
103	99803	0	197	0	0
104	99777	0	223	0	0
105	99761	0	239	0	0
106	99746	0	254	0	0
107	99721	0	279	0	0
108	99694	0	306	0	0
109	99661	0	339	0	0
110	99638	0	362	0	0
111	99617	0	383	0	0
112	99586	0	414	0	0
113	99560	0	440	0	0
114	99532	0	468	0	0
115	99507	0	493	0	0
116	99473	0	527	0	0
117	99448	0	552	0	0
118	99409	0	591	0	0
119	99360	0	640	0	0
120	99309	0	691	0	0
121	99291	0	709	0	0
122	99226	0	774	0	0
123	99173	0	827	0	0
124	99113	0	887	0	0
125	99057	0	943	0	0
126	98997	0	1003	0	0
127	98905	0	1095	0	0
128	98815	0	1185	0	0
129	98726	0	1274	0	0
130	98644	0	1356	0	0
131	98569	0	1431	0	0
132	98455	0	1545	0	0
133	98347	0	1653	0	0
134	98227	0	1773	0	0
135	98087	0	1913	0	0
136	97929	0	2071	0	0
137	97775	0	2225	0	0
138	97620	0	2380	0	0
139	97408	0	2592	0	0
140	97215	0	2785	0	0
141	97030	0	2970	0	0
142	96826	0	3174	0	0
143	96570	0	3430	0	0
144	96328	0	3672	0	0
145	96119	0	3881	0	0
146	95814	0	4186	0	0
147	95543	0	4457	0	0
148	95245	0	4755	0	0
149	94909	0	5091	0	0
150	94568	0	5432	0	0
151	94156	0	5843	1	0
152	93739	0	6260	1	0
153	93370	0	6629	1	0
154	92917	0	7082	1	0
155	92481	0	7518	1	0
156	92009	0	7990	1	0
157	91525	0	8474	1	0
158	90961	0	9038	1	0
159	90361	0	9638	1	0
160	89784	0	10215	1	0
161	89127	0	10872	1	0
162	88482	0	11517	1	0
163	87788	0	12211	1	0
164	87100	0	12898	2	0
165	86343	0	13655	2	0
166	85578	0	14420	2	0
167	84733	0	15264	3	0
168	83900	0	16097	3	0
169	82946	0	17051	3	0
170	82018	0	17979	3	0
171	81041	0	18956	3	0
172	80080	0	19917	3	0
173	78959	0	21038	3	0
174	77849	0	22148	3	0
175	76742	0	23255	3	0
176	75539	0	24458	3	0
177	74287	0	25709	4	0
178	73002	0	26994	4	0
179	71763	0	28233	4	0
180	70503	0	29492	5	0
181	69094	0	30900	6	0
182	67752	0	32241	7	0
183	66391	0	33601	8	0
184	64960	0	35031	9	0
185	63627	0	36363	10	0
186	62187	0	37802	11	0
187	60690	0	39297	13	0
188	59266	0	40720	14	0
189	57822	0	42164	14	0
190	56325	0	43660	15	0
191	54887	0	45097	16	0
192	53405	0	46578	17	0
193	51925	0	48055	20	0
194	50417	0	49562	21	0
195	49011	0	50964	25	0
196	47465	0	52508	27	0
197	46115	0	53857	28	0
198	44716	0	55255	29	0
199	43242	0	56729	29	0
200	41713	0	58258	29	0
201	40455	0	59516	29	0
202	39158	0	60811	31	0
203	37854	0	62114	32	0
204	36584	0	63384	32	0
205	35238	0	64730	32	0
206	33945	0	66023	32	0
207	32733	0	67234	33	0
208	31488	0	68477	35	0
209	30297	0	69667	36	0
210	29177	0	70787	36	0
211	28023	0	71940	37	0
212	27061	0	72899	40	0
213	26048	0	73910	42	0
214	24946	0	75010	44	0
215	23909	0	76046	45	0
216	23012	0	76940	48	0
217	22058	0	77893	49	0
218	21202	0	78744	54	0
219	20389	0	79557	54	0
220	19624	0	80320	56	0
221	18780	0	81164	56	0
222	18071	0	81866	63	0
223	17282	0	82653	65	0
224	16608	0	83326	66	0
225	15959	0	83974	67	0
226	15373	0	84558	69	0
227	14743	0	85188	69	0
228	14167	0	85764	69	0
229	13633	0	86296	71	0
230	13049	0	86879	72	0
231	12549	0	87375	76	0
232	12099	0	87822	79	0
233	11590	0	88330	80	0
234	11129	0	88788	83	0
235	10723	0	89194	83	0
236	10244	0	89673	83	0
237	9805	0	90109	86	0
238	9407	0	90506	87	0
239	9008	0	90902	90	0
240	8652	0	91256	92	0
241	8288	0	91619	93	0
242	7960	0	91944	96	0
243	7642	0	92257	101	0
244	7363	0	92535	102	0
245	7077	0	92818	105	0
246	6813	0	93078	109	0
247	6543	0	93345	112	0
248	6226	0	93660	114	0
249	6030	0	93852	118	0
250	5791	0	94088	121	0
251	5569	0	94310	121	0
252	5315	0	94561	124	0
253	5072	0	94800	128	0
254	4846	0	95026	128	0
255	4603	0	95269	128	0
256	4436	0	95436	128	0
257	4249	0	95620	131	0
258	4060	0	95806	134	0
259	3916	0	95947	137	0
260	3763	0	96099	138	0
261	3607	0	96254	139	0
262	3466	0	96392	142	0
263	3339	0	96514	147	0
264	3237	0	96613	150	0
265	3100	0	96750	150	0
266	2978	0	96871	151	0
267	2849	0	97000	151	0
268	2711	0	97135	154	0
269	2592	0	97250	158	0
270	2471	0	97368	161	0
271	2378	0	97461	161	0
272	2305	0	97533	162	0
273	2224	0	97613	163	0
274	2137	0	97698	165	0
275	2038	0	97793	169	0
276	1950	0	97880	170	0
277	1873	0	97955	172	0
278	1801	0	98025	174	0
279	1730	0	98095	175	0
280	1647	0	98175	178	0
281	1579	0	98240	181	0
282	1532	0	98287	181	0
283	1489	0	98327	184	0
284	1435	0	98376	189	0
285	1377	0	98431	192	0
286	1332	0	98470	198	0
287	1275	0	98527	198	0
288	1228	0	98571	201	0
289	1191	0	98606	203	0
290	1148	0	98647	205	0
291	1101	0	98691	208	0
292	1070	0	98720	210	0
293	1040	0	98750	210	0
294	1002	0	98788	210	0
295	969	0	98820	211	0
296	942	0	98846	212	0
297	905	0	98883	212	0
298	860	0	98924	216	0
299	818	0	98964	218	0
300	788	0	98990	222	0
301	752	0	99025	223	0
302	730	0	99045	225	0
303	700	0	99074	226	0
304	682	0	99091	227	0
305	652	0	99120	228	0
306	615	0	99156	229	0
307	597	0	99173	230	0
308	572	0	99198	230	0
309	552	0	99217	231	0
310	534	0	99231	235	0
311	510	0	99253	237	0
312	494	0	99268	238	0
313	474	0	99286	240	0
314	462	0	99297	241	0
315	443	0	99313	244	0
316	422	0	99331	247	0
317	400	0	99351	249	0
318	384	0	99367	249	0
319	380	0	99370	250	0
320	366	0	99383	251	0
321	358	0	99389	253	0
322	352	0	99394	254	0
323	340	0	99405	255	0
324	331	0	99413	256	0
325	314	0	99428	258	0
326	302	0	99437	261	0
327	292	0	99444	264	0
328	281	0	99453	266	0
329	270	0	99464	266	0
330	261	0	99472	267	0
331	259	0	99473	268	0
332	255	0	99476	269	0
333	242	0	99486	272	0
334	228	0	99499	273	0
335	224	0	99499	277	0
336	221	0	99502	277	0
337	219	0	99503	278	0
338	204	0	99516	280	0
339	195	0	99523	282	0
340	192	0	99521	287	0
341	184	0	99528	288	0
342	179	0	99531	290	0
343	176	0	99532	292	0
344	173	0	99534	293	0
345	161	0	99544	295	0
346	147	0	99557	296	0
347	145	0	99559	296	0
348	138	0	99565	297	0
349	137	0	99565	298	0
350	134	0	99566	300	0
351	129	0	99571	300	0
352	124	0	99576	300	0
353	120	0	99579	301	0
354	112	0	99585	303	0
355	103	0	99592	305	0
356	96	0	99597	307	0
357	95	0	99595	310	0
358	90	0	99599	311	0
359	90	0	99598	312	0
360	86	0	99601	313	0
361	85	0	99601	314	0
362	84	0	99601	315	0
363	80	0	99604	316	0
364	79	0	99604	317	0
365	76	0	99604	320	0
366	67	0	99611	322	0
367	65	0	99610	325	0
368	62	0	99612	326	0
369	60	0	99612	328	0
370	58	0	99613	329	0
371	55	0	99614	331	0
372	51	0	99618	331	0
373	49	0	99619	332	0
374	47	0	99619	334	0
375	45	0	99617	338	0
376	44	0	99615	341	0
377	43	0	99616	341	0
378	43	0	99615	342	0
379	43	0	99613	344	0
380	40	0	99615	345	0
381	38	0	99615	347	0
382	36	0	99616	348	0
383	34	0	99616	350	0
384	33	0	99616	351	0
385	32	0	99615	353	0
386	30	0	99615	355	0
387	26	0	99618	356	0
388	25	0	99618	357	0
389	22	0	99620	358	0
390	21	0	99620	359	0
391	20	0	99620	360	0
392	19	0	99620	361	0
393	19	0	99620	361	0
394	18	0	99619	363	0
395	18	0	99618	364	0
396	17	0	99617	366	0
397	17	0	99614	369	0
398	17	0	99613	370	0
399	17	0	99611	372	0
400	17	0	99610	373	0
401	17	0	99610	373	0
402	17	0	99606	377	0
403	17	0	99604	379	0
404	16	0	99605	379	0
405	15	0	99605	380	0
406	15	0	99605	380	0
407	14	0	99606	380	0
408	14	0	99604	382	0
409	14	0	99601	385	0
410	14	0	99601	385	0
411	14	0	99601	385	0
412	14	0	99600	386	0
413	14	0	99599	387	0
414	12	0	99600	388	0
415	12	0	99600	388	0
416	11	0	99600	389	0
417	10	0	99600	390	0
418	10	0	99599	391	0
419	9	0	99600	391	0
420	8	0	99598	394	0
421	7	0	99596	397	0
422	7	0	99596	397	0
423	7	0	99595	398	0
424	5	0	99595	400	0
425	5	0	99594	401	0
426	5	0	99594	401	0
427	5	0	99594	401	0
428	5	0	99593	402	0
429	5	0	99593	402	0
430	5	0	99592	403	0
431	5	0	99592	403	0
432	5	0	99592	403	0
433	5	0	99592	403	0
434	5	0	99590	405	0
435	5	0	99589	406	0
436	5	0	99589	406	0
437	5	0	99589	406	0
438	5	0	99586	409	0
439	5	0	99584	411	0
440	5	0	99583	412	0
441	5	0	99583	412	0
442	5	0	99581	414	0
443	5	0	99579	416	0
444	5	0	99577	418	0
445	5	0	99577	418	0
446	5	0	99577	418	0
447	5	0	99576	419	0
448	5	0	99575	420	0
449	5	0	99575	420	0
450	5	0	99575	420	0
451	5	0	99575	420	0
452	5	0	99574	421	0
453	5	0	99573	422	0
454	5	0	99573	422	0
455	4	0	99573	423	0
456	4	0	99571	425	0
457	4	0	99571	425	0
458	4	0	99571	425	0
459	4	0	99569	427	0
460	4	0	99569	427	0
461	4	0	99568	428	0
462	4	0	99566	430	0
463	3	0	99566	431	0
464	3	0	99563	434	0
465	3	0	99563	434	0
466	3	0	99562	435	0
467	2	0	99562	436	0
468	2	0	99561	437	0
469	2	0	99561	437	0
470	2	0	99561	437	0
471	2	0	99560	438	0
472	2	0	99558	440	0
473	2	0	99558	440	0
474	1	0	99557	442	0
475	1	0	99556	443	0
476	1	0	99556	443	0
477	1	0	99556	443	0
478	1	0	99556	443	0
479	1	0	99554	445	0
480	1	0	99552	447	0
481	1	0	99549	450	0
482	1	0	99547	452	0
483	0	0	99548	452	0
